# oST version 5.0 parameters

[image]

width
640

height
400

[camera]

camera matrix
339.553342 0.000000 317.686001
0.000000 340.667049 197.688177
0.000000 0.000000 1.000000

distortion
-0.309357 0.069106 0.000342 0.001224 0.000000

rectification
1.000000 0.000000 0.000000
0.000000 1.000000 0.000000
0.000000 0.000000 1.000000

projection
229.393906 0.000000 320.182242 0.000000
0.000000 297.986298 197.112849 0.000000
0.000000 0.000000 1.000000 0.000000


